Epoch | Train Acc | Val Acc | Train Loss | Val Loss
------------------------------------------------------------
    1 |    0.6360 |  0.7051 |     1.6131 |   1.8407
    5 |    0.7216 |  0.7308 |     1.1777 |   1.6363
   10 |    0.6876 |  0.7619 |     1.2025 |   1.5285
   20 |    0.7899 |  0.7857 |     0.7929 |   1.0722
   25 |    0.7750 |  0.8022 |     0.8582 |   0.9776
   30 |    0.7555 |  0.7747 |     1.0144 |   1.1542
   40 |    0.7940 |  0.8040 |     0.6963 |   0.9999
   50 |    0.8030 |  0.7967 |     0.7099 |   1.0676
   60 |    0.8151 |  0.8132 |     0.6916 |   1.0109
   70 |    0.8122 |  0.8095 |     0.6599 |   0.9817
   75 |    0.8193 |  0.8095 |     0.6202 |   0.9767
   80 |    0.8232 |  0.7985 |     0.6051 |   0.9975
   90 |    0.8278 |  0.8004 |     0.5909 |   0.9918
  100 |    0.8197 |  0.8077 |     0.6197 |   0.9879
  110 |    0.8209 |  0.8040 |     0.6085 |   0.9831
  120 |    0.8250 |  0.8059 |     0.6077 |   0.9762
  130 |    0.8202 |  0.8040 |     0.6228 |   0.9741
  140 |    0.8186 |  0.8040 |     0.6193 |   0.9775
  150 |    0.8156 |  0.8022 |     0.6286 |   1.0029
