Epoch | Train Acc | Val Acc | Train Loss | Val Loss
------------------------------------------------------------
    1 |    0.6360 |  0.7051 |     1.6131 |   1.8407
    5 |    0.7291 |  0.7289 |     1.1722 |   1.6090
   10 |    0.6892 |  0.7582 |     1.2121 |   1.5695
   20 |    0.7890 |  0.7894 |     0.7967 |   1.0636
   25 |    0.7784 |  0.7949 |     0.8381 |   0.9798
   30 |    0.7509 |  0.7729 |     1.0076 |   1.1983
   40 |    0.7860 |  0.7985 |     0.7102 |   1.0265
   50 |    0.8028 |  0.7930 |     0.7130 |   1.0529
   60 |    0.8163 |  0.8114 |     0.6691 |   0.9834
   70 |    0.8099 |  0.8095 |     0.6636 |   0.9753
   75 |    0.8202 |  0.8040 |     0.6180 |   0.9629
   80 |    0.8216 |  0.8059 |     0.6076 |   0.9814
   90 |    0.8280 |  0.7967 |     0.5844 |   0.9871
  100 |    0.8195 |  0.8022 |     0.6149 |   0.9710
  110 |    0.8239 |  0.8040 |     0.6045 |   0.9660
  120 |    0.8218 |  0.8004 |     0.6022 |   0.9576
  130 |    0.8209 |  0.8059 |     0.6164 |   0.9624
  140 |    0.8204 |  0.8059 |     0.6120 |   0.9633
  150 |    0.8161 |  0.8022 |     0.6225 |   0.9885
