Epoch | Train Acc | Val Acc | Train Loss | Val Loss
------------------------------------------------------------
    1 |    0.6814 |  0.6805 |     0.3220 |   0.3148
    5 |    0.5813 |  0.5842 |     0.3673 |   0.3588
   10 |    0.8675 |  0.8556 |     0.1486 |   0.1492
   20 |    0.9409 |  0.9453 |     0.0879 |   0.0858
   25 |    0.9573 |  0.9497 |     0.0755 |   0.0777
   30 |    0.8758 |  0.8490 |     0.1393 |   0.1511
   40 |    0.9579 |  0.9365 |     0.0706 |   0.0827
   50 |    0.9677 |  0.9344 |     0.0552 |   0.0768
   60 |    0.9754 |  0.9475 |     0.0433 |   0.0737
   70 |    0.9770 |  0.9365 |     0.0366 |   0.0741
   75 |    0.9633 |  0.9081 |     0.0450 |   0.0921
   80 |    0.9797 |  0.9234 |     0.0336 |   0.0839
   90 |    0.9819 |  0.9256 |     0.0294 |   0.0847
  100 |    0.9847 |  0.9387 |     0.0264 |   0.0805
  110 |    0.9852 |  0.9344 |     0.0252 |   0.0837
  120 |    0.9858 |  0.9300 |     0.0261 |   0.0836
  130 |    0.9836 |  0.9256 |     0.0268 |   0.0843
  140 |    0.9858 |  0.9234 |     0.0267 |   0.0862
  150 |    0.9869 |  0.9344 |     0.0251 |   0.0824
