Epoch | Train Acc | Val Acc | Train Loss | Val Loss
------------------------------------------------------------
    1 |    0.6360 |  0.7051 |     1.6131 |   1.8407
    5 |    0.7259 |  0.7253 |     1.1773 |   1.6326
   10 |    0.7007 |  0.7619 |     1.0974 |   1.4037
   20 |    0.7904 |  0.7875 |     0.7881 |   1.0774
   25 |    0.7722 |  0.7985 |     0.8705 |   0.9967
   30 |    0.7472 |  0.7674 |     1.0421 |   1.2137
   40 |    0.7915 |  0.7985 |     0.7035 |   1.0134
   50 |    0.8016 |  0.7912 |     0.7191 |   1.0560
   60 |    0.8124 |  0.8114 |     0.6833 |   1.0030
   70 |    0.8112 |  0.8114 |     0.6639 |   0.9823
   75 |    0.8186 |  0.8040 |     0.6231 |   0.9757
   80 |    0.8229 |  0.8059 |     0.6052 |   0.9957
   90 |    0.8278 |  0.8004 |     0.5928 |   0.9893
  100 |    0.8190 |  0.8040 |     0.6224 |   0.9872
  110 |    0.8195 |  0.8004 |     0.6118 |   0.9805
  120 |    0.8218 |  0.8022 |     0.6091 |   0.9756
  130 |    0.8177 |  0.8004 |     0.6252 |   0.9720
  140 |    0.8177 |  0.8022 |     0.6214 |   0.9759
  150 |    0.8154 |  0.8022 |     0.6305 |   1.0017
